XMB GMO SETTINGS
----------------
TEXTURE FILTER
F 1
MAPPING
T 0
SPEED
S 30.000000
TRANSLATE 	
1 0.000000,0.000000,0.000000
2 0.000000,-1.88562,1.88562
3 0.000000,-3.77124,3.77124
4 0.000000,-5.65685,5.65685
SCALE
1 1.000000,1.000000,1.000000
2 1.000000,1.000000,1.000000
3 1.000000,1.000000,1.000000
4 1.000000,1.000000,1.000000
ROTATE
1 0.000000,0.000000,0.000000
2 0.000000,0.000000,0.000000
3 0.000000,0.000000,0.000000
4 0.000000,0.000000,0.000000
TEXTURE_UVWH
1 0.000000,0.000000,1.000000,1.000000
2 0.000000,0.000000,1.000000,1.000000
3 0.000000,0.000000,1.000000,1.000000
4 0.000000,0.000000,1.000000,1.000000