XMB GMO SETTINGS
----------------
TEXTURE FILTER
F 1
MAPPING
T 0
SPEED
S 80.00000
TRANSLATE 	
1 0.000000,0.000000,33.00000
2 0.000000,0.000000,22.00000
3 0.000000,0.000000,11.00000
4 0.000000,0.000000,0.000000
SCALE
1 1.000000,1.000000,1.000000
2 1.000000,1.000000,1.000000
3 1.000000,1.000000,1.000000
4 1.000000,1.000000,1.000000
ROTATE
1 0.000000,0.000000,0.000000
2 0.000000,0.000000,0.000000
3 0.000000,0.000000,0.000000
4 0.000000,0.000000,0.000000
TEXTURE_UVWH
1 0.000000,0.000000,1.000000,1.000000
2 0.000000,0.000000,1.000000,1.000000
3 0.000000,0.000000,1.000000,1.000000
4 0.000000,0.000000,1.000000,1.000000