XMB GMO SETTINGS
----------------
TEXTURE FILTER
F 1
MAPPING
T 0
SPEED
S 1.200000
TRANSLATE 	
1 0.000000,0.000000,0.000000
2 52.22112,30.33070,0.000000
3 104.44223,60.66139,0.000000
4 156.66335,90.99209,0.000000
SCALE
1 1.000000,1.000000,1.000000
2 1.000000,1.000000,1.000000
3 1.000000,1.000000,1.000000
4 1.000000,1.000000,1.000000
ROTATE
1 0.000000,0.000000,0.000000
2 0.000000,0.000000,0.000000
3 0.000000,0.000000,0.000000
4 0.000000,0.000000,0.000000
TEXTURE_UVWH
1 0.000000,0.000000,1.000000,1.000000
2 0.000000,0.000000,1.000000,1.000000
3 0.000000,0.000000,1.000000,1.000000
4 0.000000,0.000000,1.000000,1.000000