XMB GMO SETTINGS
----------------
TEXTURE FILTER
F 1
MAPPING
T 0
SPEED
S 10.00000
TRANSLATE 	
1 0.000000,0.000000,0.000000
2 0.000000,0.000000,0.000000
3 0.000000,0.000000,0.000000
4 0.000000,0.000000,0.000000
SCALE
1 1.000000,1.000000,1.000000
2 1.000000,1.000000,1.000000
3 1.000000,1.000000,1.000000
4 1.000000,1.000000,1.000000
ROTATE
1 0.000000,0.000000,0.000000
2 0.000000,0.000000,2.094397
3 0.000000,0.000000,4.188793
4 0.000000,0.000000,6.283190
TEXTURE_UVWH
1 0.000000,0.000000,1.000000,1.000000
2 0.166666,0.000000,1.000000,1.000000
3 0.333333,0.000000,1.000000,1.000000
4 0.500000,0.000000,1.000000,1.000000