XMB GMO SETTINGS
----------------
TEXTURE FILTER
F 1
MAPPING
T 1
SPEED
S 10.000000
TRANSLATE 	
1 0.000000,0.000000,0.000000
2 0.000000,0.000000,0.000000
3 0.000000,0.000000,0.000000
4 0.000000,0.000000,0.000000
SCALE
1 1.000000,1.000000,1.000000
2 1.000000,1.000000,1.000000
3 1.000000,1.000000,1.000000
4 1.000000,1.000000,1.000000
ROTATE
1 0.000000,0.000000,0.000000
2 2.094397,0.000000,0.000000
3 4.188793,0.000000,0.000000
4 6.283190,0.000000,0.000000
TEXTURE_UVWH
1 0.000000,0.000000,1.000000,1.000000
2 0.000000,0.000000,1.000000,1.000000
3 0.000000,0.000000,1.000000,1.000000
4 0.000000,0.000000,1.000000,1.000000